53091 d 40 13
53185 u 40 13
111754 d 40 13
111834 u 40 13
129464 d 43 9
129570 u 43 9
129990 d 40 13
130085 u 40 13
131747 d 26 119
131836 u 26 119
132256 d 36 55
132359 u 36 55
132846 d 27 120
132968 u 27 120
133218 d 23 103
133283 u 23 103
133634 d 6 99
133751 u 6 99
134478 d 31 50
134624 u 31 50
135007 d 28 106
135112 u 28 106
135884 d 26 119
135996 u 26 119
136335 d 9 116
136430 u 9 116
136832 d 5 98
136948 u 5 98
137855 d 14 101
137949 u 14 101
138569 d 35 54
138671 u 35 54
139398 d 5 98
139469 u 5 98
139930 d 19 59
140016 u 19 59
140446 d 23 103
140577 u 23 103
141343 d 10 100
141404 u 10 100
141859 d 16 109
141974 u 16 109
142809 d 11 104
142887 u 11 104
143212 d 16 109
143294 u 16 109
143758 d 25 118
143877 u 25 118
144511 d 5 98
144570 u 5 98
145176 d 35 54
145270 u 35 54
145909 d 9 116
145984 u 9 116
146416 d 7 115
146514 u 7 115
146693 d 28 106
146740 u 28 106
147458 d 40 13
147530 u 40 13
151284 d 40 13
151372 u 40 13
188287 d 40 13
188352 u 40 13
189430 d 4 97
189615 u 4 97
189820 d 7 115
189946 u 7 115
190194 d 16 109
190310 u 16 109
190428 d 12 117
190518 u 12 117
190609 d 17 107
190714 u 17 107
191317 d 40 13
191409 u 40 13
192095 d 40 13
192150 u 40 13
194090 d 40 13
194185 u 40 13
194856 d 40 13
194945 u 40 13
195793 d 40 13
195879 u 40 13
951394 d 40 13
951498 u 40 13
53091 d 40 13
53185 u 40 13
111754 d 40 13
111834 u 40 13
129464 d 43 9
129570 u 43 9
129990 d 40 13
130085 u 40 13
131747 d 26 119
131836 u 26 119
132256 d 36 55
132359 u 36 55
132846 d 27 120
132968 u 27 120
133218 d 23 103
133283 u 23 103
133634 d 6 99
133751 u 6 99
134478 d 31 50
134624 u 31 50
135007 d 28 106
135112 u 28 106
135884 d 26 119
135996 u 26 119
136335 d 9 116
136430 u 9 116
136832 d 5 98
136948 u 5 98
137855 d 14 101
137949 u 14 101
138569 d 35 54
138671 u 35 54
139398 d 5 98
139469 u 5 98
139930 d 19 59
140016 u 19 59
140446 d 23 103
140577 u 23 103
141343 d 10 100
141404 u 10 100
141859 d 16 109
141974 u 16 109
142809 d 11 104
142887 u 11 104
143212 d 16 109
143294 u 16 109
143758 d 25 118
143877 u 25 118
144511 d 5 98
144570 u 5 98
145176 d 35 54
145270 u 35 54
145909 d 9 116
145984 u 9 116
146416 d 7 115
146514 u 7 115
146693 d 28 106
146740 u 28 106
147458 d 40 13
147530 u 40 13
151284 d 40 13
151372 u 40 13
188287 d 40 13
188352 u 40 13
189430 d 4 97
189615 u 4 97
189820 d 7 115
189946 u 7 115
190194 d 16 109
190310 u 16 109
190428 d 12 117
190518 u 12 117
190609 d 17 107
190714 u 17 107
191317 d 40 13
191409 u 40 13
192095 d 40 13
192150 u 40 13
194090 d 40 13
194185 u 40 13
194856 d 40 13
194945 u 40 13
195793 d 40 13
195879 u 40 13
247739 d 40 13
247806 u 40 13
951394 d 40 13
951498 u 40 13
1760850 d 40 13
1760923 u 40 13
